,date,new_confirmed_cases,new_deaths,new_recoveries,confirmed_MA,deaths_MA,recovered_MA,confirmed_exp_MA,deaths_exp_MA,recovered_exp_MA,currently_infected,delta
0,2020-01-22,555,17,28,nan,nan,nan,555.0,17.0,28.0,510,-45
1,2020-01-23,98,1,2,326.5,9.0,15.0,212.24999999999997,5.0,8.5,605,-48
2,2020-01-24,288,8,6,193.0,4.5,4.0,264.6923076923077,7.076923076923077,6.769230769230769,879,-62
3,2020-01-25,497,16,3,392.5,12.0,4.5,421.49999999999994,13.1,4.225,1357,-81
4,2020-01-26,680,14,13,588.5,15.0,8.0,594.5454545454545,13.702479338842975,10.099173553719009,2010,-108
5,2020-01-27,809,26,9,744.5,20.0,11.0,737.7115384615385,21.91208791208791,9.365384615384615,2784,-143
6,2020-01-28,2651,49,46,1730.0,37.5,27.5,2013.8206770356815,39.978956999085085,33.7996340347667,5340,-238
7,2020-01-29,587,2,19,1619.0,25.5,32.5,1062.4618902439024,14.655792682926831,23.931707317073172,5906,-259
8,2020-01-30,2070,38,17,1328.5,20.0,18.0,1734.188090641195,30.219388273549438,19.31033431561833,7921,-314
9,2020-01-31,1690,42,79,1880.0,40.0,48.0,1704.728864652486,38.07326243056496,59.10411868310526,9490,-435
10,2020-02-01,2113,46,62,1901.5,44.0,70.5,1976.9111580278418,43.35778397480045,61.034717125986475,11495,-543
11,2020-02-02,4749,103,188,3431.0,74.5,125.0,3824.9738634653017,83.11933614330874,145.67839831401474,15953,-834
12,2020-02-03,3094,64,151,3921.5,83.5,169.5,3337.65764883129,70.37310405300812,149.22613499656907,18832,-1049
13,2020-02-04,4011,66,229,3552.5,65.0,190.0,3786.552643463222,67.4577007414643,202.40872278468098,22548,-1344
14,2020-02-05,3744,72,272,3877.5,69.0,250.5,3758.1842125106964,70.48590045819522,248.80291082818442,25948,-1688
15,2020-02-06,3182,70,363,3463.0,71.0,317.5,3374.0613952468384,70.16196681187324,324.9343053779707,28697,-2121
16,2020-02-07,3574,85,524,3378.0,77.5,443.5,3507.353799447766,80.0539890138902,457.6447694869703,31662,-2730
17,2020-02-08,2729,87,605,3151.5,86.0,564.5,2988.45126514321,84.68466301658265,555.8815900825565,33699,-3422
18,2020-02-09,3030,100,628,2879.5,93.5,616.5,3016.150421738235,94.894887680979,603.9605300688855,36001,-4150
19,2020-02-10,2612,107,702,2821.0,103.5,665.0,2746.7168071688056,102.9649625626408,669.3201767083734,37804,-4959
20,2020-02-11,2040,100,737,2326.0,103.5,719.5,2275.5722690112275,100.98832085402465,714.4400589071047,39007,-5796
21,2020-02-12,419,5,467,1229.5,52.5,602.0,1037.8574229643011,36.99610694930235,549.4800196304449,38954,-6268
22,2020-02-13,15148,253,1145,7783.5,129.0,806.0,10444.61914108802,180.9987023179637,946.4933398810319,52704,-7666
23,2020-02-14,6517,152,1763,10832.5,202.5,1454.0,7826.206380353401,161.66623410591944,1490.8311132956044,57306,-9581
24,2020-02-15,2145,143,1337,4331.0,147.5,1550.0,4038.7354601133306,149.22207803529176,1388.2770377650804,57971,-11061
25,2020-02-16,2194,104,1470,2169.5,123.5,1403.5,2808.9118200372927,119.07402601175207,1442.7590125883817,58591,-12635
26,2020-02-17,2034,98,1718,2114.0,101.0,1594.0,2292.3039400123635,105.02467533724887,1626.2530041961513,58809,-14451
27,2020-02-18,1878,139,1769,1956.0,118.5,1743.5,2016.1013133374424,127.67489177908395,1721.417668065388,58779,-16359
28,2020-02-19,503,115,1769,1190.5,127.0,1769.0,1007.3671044457994,119.2249639263612,1753.139222688463,57398,-18243
29,2020-02-20,558,125,2056,530.5,120.0,1912.5,707.789034815265,123.07498797545374,1955.046407562822,55775,-20424
30,2020-02-21,644,4,713,601.0,64.5,1384.5,665.2630116050883,43.69166265848445,1127.015469187606,55702,-21141
31,2020-02-22,1756,207,3996,1200.0,105.5,2354.5,1392.4210038683632,152.5638875528282,3039.6718230625365,53255,-25344
32,2020-02-23,386,11,508,1071.0,109.0,2252.0,721.4736679561211,58.187962517609385,1351.890607687512,53122,-25863
33,2020-02-24,585,160,1833,485.5,85.5,1170.5,630.4912226520404,126.06265417253645,1672.6302025625039,51714,-27856
34,2020-02-25,845,79,2678,715.0,119.5,2255.5,773.4970742173468,94.68755139084548,2342.8767341875014,49802,-30613
35,2020-02-26,982,62,2479,913.5,70.5,2578.5,912.4990247391156,72.89585046361516,2433.6255780625,48243,-33154
36,2020-02-27,1359,44,2893,1170.5,53.0,2686.0,1210.1663415797052,53.63195015453838,2739.8751926874997,46665,-36091
37,2020-02-28,1368,58,3434,1363.5,51.0,3163.5,1315.3887805265683,56.54398338484612,3202.6250642291666,44541,-39583
38,2020-02-29,1889,69,3071,1628.5,63.5,3252.5,1697.7962601755228,64.84799446161537,3114.875021409722,43290,-42723
39,2020-03-01,2358,55,2934,2123.5,62.0,3002.5,2137.932086725174,58.28266482053846,2994.2916738032404,42659,-45712
40,2020-03-02,1938,89,2886,2148.0,72.0,2910.0,2004.6440289083912,78.76088827351282,2922.09722460108,41622,-48687
41,2020-03-03,2535,75,2627,2236.5,82.0,2756.5,2358.214676302797,76.25362942450427,2725.3657415336934,41455,-51389
42,2020-03-04,2280,94,2942,2407.5,84.5,2784.5,2306.071558767599,88.08454314150141,2869.788580511231,40699,-54425
43,2020-03-05,2762,94,2626,2521.0,94.0,2784.0,2610.023852922533,92.02818104716714,2707.2628601704105,40741,-57145
44,2020-03-06,3914,112,2069,3338.0,103.0,2347.5,3479.341284307511,105.34272701572239,2281.75428672347,42474,-59326
45,2020-03-07,4036,98,2493,3975.0,105.0,2281.0,3850.4470947691702,100.44757567190747,2422.5847622411566,43919,-61917
46,2020-03-08,3999,245,2336,4017.5,171.5,2414.5,3949.4823649230566,196.81585855730248,2364.861587413719,45337,-64498
47,2020-03-09,3747,193,1817,3873.0,219.0,2076.5,3814.494121641019,194.27195285243417,1999.6205291379065,47074,-66508
48,2020-03-10,5000,266,1892,4373.5,229.5,1854.5,4604.83137388034,242.0906509508114,1927.8735097126355,49916,-68666
49,2020-03-11,7283,353,2599,6141.5,309.5,2245.5,6390.27712462678,316.0302169836038,2375.291169904212,54247,-71618
50,2020-03-12,2478,105,1321,4880.5,229.0,1960.0,3782.0923748755936,175.34340566120127,1672.4303899680708,55299,-73044
51,2020-03-13,16850,684,1927,9664.0,394.5,1624.0,12494.030791625199,514.4478018870672,1842.1434633226902,69538,-75655
52,2020-03-14,10906,415,2373,13878.0,549.5,2150.0,11435.343597208399,448.14926729568907,2196.0478211075633,77656,-78443
53,2020-03-15,11348,621,3410,11127.0,518.0,2891.5,11377.114532402798,563.383089098563,3005.3492737025213,84973,-82474
54,2020-03-16,14099,686,2054,12723.5,653.5,2732.0,13191.704844134265,645.1276963661877,2371.116424567507,96332,-85214
55,2020-03-17,15622,779,2752,14860.5,732.5,2403.0,14811.901614711422,734.3758987887292,2625.038808189169,108423,-88745
56,2020-03-18,17747,828,2473,16684.5,803.5,2612.5,16768.633871570473,796.7919662629097,2523.679602729723,122869,-92046
57,2020-03-19,27798,1134,1649,22772.5,981.0,2061.0,24121.544623856826,1021.5973220876366,1940.559867576574,147884,-94829
58,2020-03-20,29454,1432,2441,28626.0,1283.0,2045.0,27676.51487461894,1295.1991073625456,2274.186622525525,173465,-98702
59,2020-03-21,32361,1674,4273,30907.5,1553.0,3357.0,30799.50495820631,1547.7330357875153,3606.728874175175,199879,-104649
60,2020-03-22,32492,1650,5567,32426.5,1662.0,4920.0,31927.83498606877,1615.9110119291718,4913.576291391725,225154,-111866
61,2020-03-23,41267,1874,3715,36879.5,1762.0,4641.0,38153.94499535626,1787.9703373097238,4114.525430463908,260832,-117455
62,2020-03-24,39679,2118,6747,40473.0,1996.0,5231.0,39170.64833178542,2007.9901124365745,5869.508476821303,291646,-126320
